1.174221e-02
-4.212460e-03
1.938122e-02
2.850121e-01
1.625362e+00
1.424332e+00
2.673272e-01
1.493767e-01
2.757028e-01
1.149237e-01
-1.032977e-02
-1.082713e-02
3.981263e-02
2.557874e-02
1.610889e-02
2.592278e-02
3.319814e-01
5.975968e-01
1.415858e-01
-1.142298e-01
-1.638973e-02
7.060549e-02
4.522983e-02
1.446999e-02
3.352282e-02
1.336896e-02
-4.923860e-03
1.797414e-02
2.833283e-01
1.596791e+00
1.396209e+00
5.428639e-02
-4.550738e-01
-1.754727e-01
1.162603e-01
1.439957e-01
3.269239e-02
-9.953847e-03
-7.826554e-03
2.626072e-02
4.465899e-02
3.348380e-01
5.864073e-01
1.349885e-01
-1.106832e-01
-1.251378e-02
7.162794e-02
4.413112e-02
1.164113e-02
3.194300e-02
1.426727e-02
-3.194736e-03
1.736406e-02
2.810612e-01
1.584789e+00
1.380317e+00
4.663744e-02
-4.520551e-01
-1.718450e-01
1.158213e-01
1.434481e-01
3.254238e-02
-9.746610e-03
-7.095778e-03
2.694204e-02
4.555413e-02
3.357241e-01
5.866705e-01
1.331108e-01
-1.143944e-01
-1.548024e-02
6.805576e-02
3.859539e-02
5.515364e-03
2.466562e-02
6.525170e-03
-8.650796e-03
1.370632e-02
3.003146e-01
1.617201e+00
1.345548e+00
1.211162e-02
-4.501566e-01
-1.601877e-01
1.172491e-01
1.387745e-01
2.922367e-02
-1.057987e-02
-8.752448e-03
2.590765e-02
4.461893e-02
3.338745e-01
5.921808e-01
1.367518e-01
-1.149899e-01
-1.592228e-02
6.797113e-02
3.966654e-02
7.252049e-03
2.550602e-02
7.791349e-03
-8.742265e-03
1.406242e-02
3.000056e-01
1.632165e+00
1.354067e+00
-4.867743e-02
-4.300566e-01
-1.212635e-01
1.743428e-01
2.026761e-01
1.411916e-01
1.228368e-01
8.723188e-02
5.269730e-02
-4.563039e-02
1.022978e-02
4.859842e-01
2.110028e-01
-1.416126e-01
-9.875500e-02
2.016561e-02
3.554476e-02
1.014954e-01
1.454336e-01
7.383352e-02
1.628504e-02
4.571895e-02
2.139149e-01
1.366071e+00
1.523828e+00
2.167519e-01
-5.151987e-01
-3.324425e-01
2.013835e-02
1.299015e-01
5.945912e-02
2.223259e-02
2.848237e-02
6.682067e-02
9.566548e-02
3.710355e-01
6.091604e-01
1.471108e-01
-1.080355e-01
-1.890898e-02
6.441250e-02
4.253580e-02
1.591684e-02
4.617631e-02
4.150133e-02
2.961108e-02
4.224672e-02
2.727412e-01
1.584652e+00
1.423785e+00
7.507464e-02
-4.596071e-01
-1.842915e-01
1.235098e-01
1.510458e-01
2.348579e-02
-3.103290e-02
-2.564311e-02
2.049127e-02
4.070120e-02
3.326215e-01
5.811926e-01
1.270805e-01
-1.131134e-01
-1.335353e-02
7.065754e-02
4.611828e-02
1.476945e-02
2.870537e-02
5.320831e-03
-1.411035e-02
4.806930e-03
2.721183e-01
1.610129e+00
1.392734e+00
8.591409e-02
-6.856823e-02
6.356216e-01
8.379377e-01
4.942776e-01
9.471314e-03
-1.067145e-01
4.736961e-03
1.012983e-01
9.243906e-02
3.600805e-01
6.163491e-01
1.854662e-01
-7.125150e-02
4.930072e-03
7.221979e-02
4.116922e-02
1.085087e-02
2.683976e-02
2.757925e-03
-1.701212e-02
-6.380529e-04
2.603368e-01
1.600244e+00
1.619565e+00
1.650882e+00
1.780485e+00
1.243773e+00
4.858678e-01
9.064766e-02
3.587588e-02
7.912047e-02
5.188072e-02
3.049384e-02
2.465192e-02
3.556865e-01
6.372471e-01
1.350757e-01
-1.508151e-01
-5.765039e-02
3.483143e-02
1.526397e-02
-1.561082e-02
-1.509081e-03
-1.658323e-02
-1.563348e-02
2.105889e-02
3.023341e-01
1.851822e+00
1.763576e+00
2.395962e-01
-5.101221e-01
-2.423498e-01
1.413797e-01
2.000432e-01
5.385391e-02
-1.568473e-02
-1.045842e-02
3.934539e-02
5.329718e-02
3.502168e-01
6.047012e-01
9.498359e-02
-1.321431e-01
-4.984089e-03
8.427870e-02
4.937088e-02
1.421932e-02
3.586622e-02
2.395783e-02
9.609684e-03
2.907973e-02
3.005493e-01
1.839412e+00
2.084890e+00
1.405985e+00
3.303378e-01
-4.274243e-01
-2.597446e-01
1.153381e-01
1.535211e-01
1.969066e-02
-6.438001e-02
-1.181718e-02
5.364267e-02
3.724875e-01
6.244351e-01
1.020108e-01
-1.280073e-01
3.798476e-03
9.049537e-02
4.817618e-02
4.427189e-03
1.598111e-02
1.010972e-03
-5.795071e-03
1.494616e-02
2.928960e-01
1.814409e+00
1.744791e+00
2.211162e-01
-5.362633e-01
-2.723559e-01
1.155806e-01
1.860889e-01
4.931656e-02
-1.614876e-02
-8.035547e-03
4.914693e-02
7.328113e-02
3.656166e-01
6.180937e-01
1.139013e-01
-1.134618e-01
5.786573e-03
8.298101e-02
4.066489e-02
1.313199e-03
1.622727e-02
-1.724505e-03
-1.739824e-02
3.262534e-03
2.942016e-01
1.801066e+00
1.724017e+00
2.125522e-01
-5.321050e-01
-2.693160e-01
1.112028e-01
1.784843e-01
4.084374e-02
-2.461642e-02
-1.797125e-02
3.456922e-02
5.483916e-02
3.482161e-01
5.946273e-01
9.526023e-02
-1.260167e-01
-6.169389e-03
7.312357e-02
3.383850e-02
-2.849723e-03
1.733954e-02
5.563138e-03
-5.063577e-03
1.683280e-02
3.056957e-01
1.789609e+00
1.734179e+00
2.365052e-01
-5.125102e-01
-2.554914e-01
1.246951e-01
1.913111e-01
5.035226e-02
-1.880663e-02
-1.479088e-02
3.617159e-02
5.586117e-02
3.432553e-01
5.847175e-01
9.042326e-02
-1.273799e-01
-6.787210e-03
7.267226e-02
3.577072e-02
2.832419e-03
2.345879e-02
1.161706e-02
1.189623e-03
2.192051e-02
3.034824e-01
1.764762e+00
1.719928e+00
2.335485e-01
-5.181010e-01
-2.698399e-01
1.055020e-01
1.715392e-01
3.218618e-02
-3.653084e-02
-3.173331e-02
2.201544e-02
4.479019e-02
3.341002e-01
5.765697e-01
9.083870e-02
-1.204294e-01
1.293941e-03
8.005679e-02
4.317752e-02
8.619322e-03
2.829620e-02
1.428442e-02
1.539317e-03
2.161036e-02
3.049508e-01
1.752901e+00
1.715588e+00
2.274871e-01
-5.164183e-01
-2.601914e-01
1.163308e-01
1.827542e-01
4.479647e-02
-2.251838e-02
-1.599149e-02
3.686553e-02
5.864284e-02
3.454185e-01
5.787116e-01
9.458009e-02
-1.147463e-01
4.410345e-03
7.991234e-02
4.052390e-02
6.030651e-03
2.570169e-02
1.000624e-02
-4.246707e-03
1.521361e-02
2.702145e-01
1.658566e+00
1.824582e+00
1.323166e+00
1.000156e+00
7.352503e-02
-3.443228e-01
-7.825767e-02
1.489149e-01
1.207574e-01
-1.003951e-02
-2.732660e-02
2.788910e-02
3.568808e-01
5.836133e-01
7.855869e-02
-1.381904e-01
-7.258130e-03
7.752834e-02
4.148398e-02
6.066877e-03
2.210002e-02
5.694164e-03
-7.964189e-04
2.681915e-02
3.003146e-01
1.673697e+00
2.008456e+00
1.447269e+00
4.462144e-01
-3.785500e-01
-2.668824e-01
1.204466e-01
1.867518e-01
5.277493e-02
-4.715189e-02
-7.557093e-03
5.684415e-02
3.664876e-01
5.818920e-01
7.797253e-02
-1.297700e-01
1.617766e-03
7.797725e-02
3.348760e-02
-4.530650e-03
1.438897e-02
9.724738e-04
-8.275659e-03
1.621672e-02
2.946200e-01
1.668079e+00
1.625508e+00
2.001065e-01
-4.973685e-01
-2.431400e-01
1.129205e-01
1.724404e-01
4.262486e-02
-1.854386e-02
-1.268708e-02
3.454831e-02
5.503576e-02
3.392553e-01
5.705873e-01
8.986139e-02
-1.190354e-01
1.184432e-04
7.414810e-02
3.358585e-02
-5.174527e-04
2.048639e-02
5.931583e-03
-6.790855e-03
1.532282e-02
3.015127e-01
1.686237e+00
1.666508e+00
2.225974e-01
-5.013151e-01
-2.494808e-01
1.170443e-01
1.779193e-01
4.255073e-02
-2.198349e-02
-1.661960e-02
3.160549e-02
5.043503e-02
3.316106e-01
5.662404e-01
8.759888e-02
-1.214010e-01
-3.096223e-03
7.132264e-02
3.277268e-02
-1.566250e-03
1.814726e-02
5.315468e-03
-6.995973e-03
1.382386e-02
3.024023e-01
1.691019e+00
1.673610e+00
2.188783e-01
-5.091889e-01
-2.531160e-01
1.158801e-01
1.781971e-01
4.275900e-02
-2.255530e-02
-1.548575e-02
3.550103e-02
5.574113e-02
3.409508e-01
5.697418e-01
8.960287e-02
-1.157770e-01
3.943626e-03
7.742365e-02
3.791025e-02
3.556127e-03
2.337766e-02
8.577944e-03
-4.548128e-03
1.640101e-02
2.981775e-01
1.688447e+00
1.689226e+00
2.355942e-01
-5.092574e-01
-2.611548e-01
1.134010e-01
1.801637e-01
4.303088e-02
-2.471329e-02
-1.913133e-02
3.155772e-02
5.300869e-02
3.368231e-01
5.654245e-01
8.653957e-02
-1.190297e-01
1.102596e-03
7.519308e-02
3.581050e-02
3.245028e-03
2.298787e-02
8.542514e-03
-4.250039e-03
1.654482e-02
2.996378e-01
1.680100e+00
1.663284e+00
2.283452e-01
-5.016878e-01
-2.560696e-01
1.115716e-01
1.765105e-01
4.243423e-02
-2.335925e-02
-1.782634e-02
3.359367e-02
5.487841e-02
3.408668e-01
5.693439e-01
8.948229e-02
-1.151268e-01
5.287961e-03
7.806198e-02
3.836377e-02
3.949681e-03
2.327945e-02
8.476947e-03
-5.735226e-03
1.495724e-02
3.014669e-01
1.675633e+00
1.619412e+00
5.340165e-01
1.058123e+00
2.012033e+00
1.590929e+00
6.339577e-01
9.678203e-02
1.763436e-02
4.553350e-02
5.747947e-02
3.934804e-02
3.373463e-01
6.075827e-01
1.160867e-01
-1.177402e-01
-3.153346e-03
7.802240e-02
4.442193e-02
1.457966e-02
3.322334e-02
1.210011e-02
-6.655116e-03
1.771270e-02
2.889732e-01
1.501416e+00
1.577360e+00
1.594761e+00
1.245990e+00
8.137930e-01
9.728677e-01
7.837404e-01
3.053304e-01
2.762802e-02
-3.024638e-02
2.606626e-02
5.908253e-02
3.686357e-01
6.291125e-01
9.663528e-02
-1.375134e-01
-5.509952e-03
7.767060e-02
4.135941e-02
5.387137e-03
1.991247e-02
4.834264e-03
-4.761767e-03
1.969505e-02
2.980087e-01
1.630555e+00
1.374233e+00
2.378858e-02
-4.569209e-01
-1.668355e-01
1.200434e-01
1.433369e-01
2.658520e-02
-1.772260e-02
-1.079320e-02
3.068359e-02
4.658133e-02
3.430059e-01
6.127430e-01
1.064471e-01
-1.284251e-01
-6.744491e-03
7.773700e-02
4.301370e-02
8.541654e-03
2.675659e-02
9.792883e-03
-4.294082e-03
2.077330e-02
3.027700e-01
1.636136e+00
1.369420e+00
1.655266e-02
-4.560380e-01
-1.635859e-01
1.203980e-01
1.425354e-01
2.540535e-02
-1.639177e-02
-9.237871e-03
2.993207e-02
4.463660e-02
3.404534e-01
6.123617e-01
1.059809e-01
-1.322091e-01
-1.158707e-02
7.473359e-02
3.952180e-02
3.159334e-03
2.082708e-02
6.419051e-03
-5.463667e-03
1.697099e-02
3.054127e-01
1.640345e+00
1.358032e+00
6.405815e-03
-4.570428e-01
-1.615333e-01
1.208256e-01
1.410286e-01
2.429046e-02
-1.647029e-02
-9.406755e-03
3.113709e-02
4.597434e-02
3.403740e-01
6.158742e-01
1.096723e-01
-1.300594e-01
-9.841576e-03
7.621796e-02
4.208743e-02
6.019986e-03
2.235322e-02
8.078781e-03
-4.425538e-03
1.860372e-02
3.077100e-01
1.643275e+00
1.361176e+00
8.325437e-03
-4.564090e-01
-1.606051e-01
1.213744e-01
1.421101e-01
2.577986e-02
-1.585610e-02
-8.941429e-03
3.100616e-02
4.538525e-02
3.412785e-01
6.139383e-01
1.068288e-01
-1.314052e-01
-1.150665e-02
7.437247e-02
4.013902e-02
4.333461e-03
2.172514e-02
6.577801e-03
-5.614772e-03
1.769534e-02
3.017899e-01
1.638510e+00
1.368701e+00
1.528008e-02
-4.560904e-01
-1.625272e-01
1.229099e-01
1.457462e-01
2.803267e-02
-1.404232e-02
-7.307238e-03
3.241254e-02
4.758885e-02
3.436584e-01
6.150920e-01
1.075046e-01
-1.303778e-01
-9.295273e-03
7.659973e-02
4.154087e-02
6.337364e-03
2.347916e-02
8.272812e-03
-4.190949e-03
1.832989e-02
3.029852e-01
1.639583e+00
1.367790e+00
1.485564e-02
-4.566671e-01
-1.631431e-01
1.218836e-01
1.439931e-01
2.728575e-02
-1.493080e-02
-8.546558e-03
3.187225e-02
4.633778e-02
3.430374e-01
6.143360e-01
1.058422e-01
-1.318709e-01
-1.097816e-02
7.403509e-02
3.982736e-02
3.148577e-03
2.056850e-02
6.035039e-03
-6.655630e-03
1.690546e-02
3.061567e-01
1.644233e+00
1.362512e+00
7.970429e-03
-4.560710e-01
-1.589327e-01
1.236768e-01
1.454378e-01
2.881756e-02
-1.271990e-02
-5.357085e-03
3.434462e-02
4.878734e-02
3.469032e-01
6.169975e-01
1.085500e-01
-1.284330e-01
-6.447623e-03
7.997248e-02
4.625154e-02
1.157409e-02
2.956050e-02


